# On-axis Bz [T] of one section-5/6 capture-solenoid string at the 264 A setpoint:
# the CLASSE BMAD deck's pos_sol_A/B/C rotationally_symmetric_rz grids (per-amp, x264)
# superimposed at their section_5_8_layout.bmad offsets (element begins 0 / 0.127 /
# 5.182 m from the cavity start). Column 1: z [m] relative to the CAVITY (flange) start;
# column 2: Bz [T]. Extracted from ../Cornell/reference/classe-docs/
# nfs_acc_user_kd324_documents_mycesr_linacsim/BMAD/. Consumed by sim/linac5-8.py.
-1.5000 0.000000e+00
-1.4950 2.055699e-06
-1.4900 4.109522e-06
-1.4850 6.158510e-06
-1.4800 8.205598e-06
-1.4750 1.025570e-05
-1.4700 1.231232e-05
-1.4650 1.437430e-05
-1.4600 1.644442e-05
-1.4550 1.852385e-05
-1.4500 2.061814e-05
-1.4450 2.272709e-05
-1.4400 2.485394e-05
-1.4350 2.700152e-05
-1.4300 2.917153e-05
-1.4250 3.136459e-05
-1.4200 3.358417e-05
-1.4150 3.583208e-05
-1.4100 3.811108e-05
-1.4050 4.042370e-05
-1.4000 4.277191e-05
-1.3950 4.515553e-05
-1.3900 4.757794e-05
-1.3850 5.004096e-05
-1.3800 5.254784e-05
-1.3750 5.509884e-05
-1.3700 5.769870e-05
-1.3650 6.034847e-05
-1.3600 6.304877e-05
-1.3550 6.580005e-05
-1.3500 6.860447e-05
-1.3450 7.146887e-05
-1.3400 7.439750e-05
-1.3350 7.737373e-05
-1.3300 8.041055e-05
-1.3250 8.352957e-05
-1.3200 8.670013e-05
-1.3150 8.992851e-05
-1.3100 9.322830e-05
-1.3050 9.661230e-05
-1.3000 1.000614e-04
-1.2950 1.035847e-04
-1.2900 1.071717e-04
-1.2850 1.108488e-04
-1.2800 1.145934e-04
-1.2750 1.184263e-04
-1.2700 1.223302e-04
-1.2650 1.263269e-04
-1.2600 1.303990e-04
-1.2550 1.345653e-04
-1.2500 1.388099e-04
-1.2450 1.431559e-04
-1.2400 1.475871e-04
-1.2350 1.521207e-04
-1.2300 1.567375e-04
-1.2250 1.614620e-04
-1.2200 1.662764e-04
-1.2150 1.712016e-04
-1.2100 1.762211e-04
-1.2050 1.813591e-04
-1.2000 1.865956e-04
-1.1950 1.919520e-04
-1.1900 1.974124e-04
-1.1850 2.029968e-04
-1.1800 2.086902e-04
-1.1750 2.145154e-04
-1.1700 2.204561e-04
-1.1650 2.265317e-04
-1.1600 2.327282e-04
-1.1550 2.390669e-04
-1.1500 2.455340e-04
-1.1450 2.521488e-04
-1.1400 2.589001e-04
-1.1350 2.658079e-04
-1.1300 2.728595e-04
-1.1250 2.800724e-04
-1.1200 2.874369e-04
-1.1150 2.949723e-04
-1.1100 3.026691e-04
-1.1050 3.105437e-04
-1.1000 3.185891e-04
-1.0950 3.268220e-04
-1.0900 3.352358e-04
-1.0850 3.438461e-04
-1.0800 3.526478e-04
-1.0750 3.616564e-04
-1.0700 3.708696e-04
-1.0650 3.802982e-04
-1.0600 3.899424e-04
-1.0550 3.998168e-04
-1.0500 4.099190e-04
-1.0450 4.202607e-04
-1.0400 4.308437e-04
-1.0350 4.416818e-04
-1.0300 4.527757e-04
-1.0250 4.641354e-04
-1.0200 4.757658e-04
-1.0150 4.876790e-04
-1.0100 4.998792e-04
-1.0050 5.123745e-04
-1.0000 5.251732e-04
-0.9950 5.382857e-04
-0.9900 5.517191e-04
-0.9850 5.654806e-04
-0.9800 5.795811e-04
-0.9750 5.940304e-04
-0.9700 6.088376e-04
-0.9650 6.240102e-04
-0.9600 6.395616e-04
-0.9550 6.555012e-04
-0.9500 6.718401e-04
-0.9450 6.885851e-04
-0.9400 7.057523e-04
-0.9350 7.233518e-04
-0.9300 7.413967e-04
-0.9250 7.598942e-04
-0.9200 7.788607e-04
-0.9150 7.983085e-04
-0.9100 8.182522e-04
-0.9050 8.386995e-04
-0.9000 8.596706e-04
-0.8950 8.811766e-04
-0.8900 9.032348e-04
-0.8850 9.258546e-04
-0.8800 9.490565e-04
-0.8750 9.728540e-04
-0.8700 9.972655e-04
-0.8650 1.022302e-03
-0.8600 1.047987e-03
-0.8550 1.074335e-03
-0.8500 1.101365e-03
-0.8450 1.129093e-03
-0.8400 1.157542e-03
-0.8350 1.186730e-03
-0.8300 1.216678e-03
-0.8250 1.247402e-03
-0.8200 1.278930e-03
-0.8150 1.311280e-03
-0.8100 1.344477e-03
-0.8050 1.378540e-03
-0.8000 1.413498e-03
-0.7950 1.449372e-03
-0.7900 1.486191e-03
-0.7850 1.523976e-03
-0.7800 1.562758e-03
-0.7750 1.602563e-03
-0.7700 1.643421e-03
-0.7650 1.685357e-03
-0.7600 1.728406e-03
-0.7550 1.772597e-03
-0.7500 1.817964e-03
-0.7450 1.864536e-03
-0.7400 1.912351e-03
-0.7350 1.961441e-03
-0.7300 2.011845e-03
-0.7250 2.063597e-03
-0.7200 2.116740e-03
-0.7150 2.171309e-03
-0.7100 2.227348e-03
-0.7050 2.284896e-03
-0.7000 2.344000e-03
-0.6950 2.404701e-03
-0.6900 2.467049e-03
-0.6850 2.531089e-03
-0.6800 2.596872e-03
-0.6750 2.664448e-03
-0.6700 2.733869e-03
-0.6650 2.805189e-03
-0.6600 2.878465e-03
-0.6550 2.953753e-03
-0.6500 3.031115e-03
-0.6450 3.110609e-03
-0.6400 3.192303e-03
-0.6350 3.276257e-03
-0.6300 3.362544e-03
-0.6250 3.451230e-03
-0.6200 3.542391e-03
-0.6150 3.636097e-03
-0.6100 3.732431e-03
-0.6050 3.831468e-03
-0.6000 3.933298e-03
-0.5950 4.038006e-03
-0.5900 4.145674e-03
-0.5850 4.256364e-03
-0.5800 4.370192e-03
-0.5750 4.487291e-03
-0.5700 4.607742e-03
-0.5650 4.731631e-03
-0.5600 4.859072e-03
-0.5550 4.990181e-03
-0.5500 5.125069e-03
-0.5450 5.263868e-03
-0.5400 5.406692e-03
-0.5350 5.553673e-03
-0.5300 5.704929e-03
-0.5250 5.860605e-03
-0.5200 6.020850e-03
-0.5150 6.185805e-03
-0.5100 6.355631e-03
-0.5050 6.530465e-03
-0.5000 6.710479e-03
-0.4950 6.895852e-03
-0.4900 7.086761e-03
-0.4850 7.283375e-03
-0.4800 7.485868e-03
-0.4750 7.694436e-03
-0.4700 7.909305e-03
-0.4650 8.130696e-03
-0.4600 8.358797e-03
-0.4550 8.593810e-03
-0.4500 8.835985e-03
-0.4450 9.085563e-03
-0.4400 9.342812e-03
-0.4350 9.607971e-03
-0.4300 9.881319e-03
-0.4250 1.016312e-02
-0.4200 1.045367e-02
-0.4150 1.075324e-02
-0.4100 1.106216e-02
-0.4050 1.138073e-02
-0.4000 1.170929e-02
-0.3950 1.204818e-02
-0.3900 1.239776e-02
-0.3850 1.275838e-02
-0.3800 1.313044e-02
-0.3750 1.351431e-02
-0.3700 1.391042e-02
-0.3650 1.431916e-02
-0.3600 1.474097e-02
-0.3550 1.517632e-02
-0.3500 1.562566e-02
-0.3450 1.608946e-02
-0.3400 1.656823e-02
-0.3350 1.706248e-02
-0.3300 1.757275e-02
-0.3250 1.809956e-02
-0.3200 1.864349e-02
-0.3150 1.920512e-02
-0.3100 1.978507e-02
-0.3050 2.038391e-02
-0.3000 2.100231e-02
-0.2950 2.164093e-02
-0.2900 2.230044e-02
-0.2850 2.298151e-02
-0.2800 2.368487e-02
-0.2750 2.441126e-02
-0.2700 2.516142e-02
-0.2650 2.593610e-02
-0.2600 2.673610e-02
-0.2550 2.756222e-02
-0.2500 2.841528e-02
-0.2450 2.929609e-02
-0.2400 3.020551e-02
-0.2350 3.114441e-02
-0.2300 3.211366e-02
-0.2250 3.311409e-02
-0.2200 3.414663e-02
-0.2150 3.521216e-02
-0.2100 3.631158e-02
-0.2050 3.744574e-02
-0.2000 3.861557e-02
-0.1950 3.982192e-02
-0.1900 4.106567e-02
-0.1850 4.234762e-02
-0.1800 4.366864e-02
-0.1750 4.502950e-02
-0.1700 4.643096e-02
-0.1650 4.787370e-02
-0.1600 4.935841e-02
-0.1550 5.088570e-02
-0.1500 5.245612e-02
-0.1450 5.407004e-02
-0.1400 5.572789e-02
-0.1350 5.742993e-02
-0.1300 5.917639e-02
-0.1250 6.096721e-02
-0.1200 6.280235e-02
-0.1150 6.468164e-02
-0.1100 6.660461e-02
-0.1050 6.857078e-02
-0.1000 7.057937e-02
-0.0950 7.262959e-02
-0.0900 7.472029e-02
-0.0850 7.685011e-02
-0.0800 7.901768e-02
-0.0750 8.122124e-02
-0.0700 8.345890e-02
-0.0650 8.572851e-02
-0.0600 8.802779e-02
-0.0550 9.035421e-02
-0.0500 9.270510e-02
-0.0450 9.507759e-02
-0.0400 9.746872e-02
-0.0350 9.987534e-02
-0.0300 1.022942e-01
-0.0250 1.047221e-01
-0.0200 1.071558e-01
-0.0150 1.095918e-01
-0.0100 1.120270e-01
-0.0050 1.144582e-01
-0.0000 1.168822e-01
0.0050 1.192963e-01
0.0100 1.216977e-01
0.0150 1.240838e-01
0.0200 1.264524e-01
0.0250 1.288014e-01
0.0300 1.311291e-01
0.0350 1.334339e-01
0.0400 1.357146e-01
0.0450 1.379703e-01
0.0500 1.402001e-01
0.0550 1.424035e-01
0.0600 1.445802e-01
0.0650 1.467300e-01
0.0700 1.488529e-01
0.0750 1.509488e-01
0.0800 1.530180e-01
0.0850 1.550606e-01
0.0900 1.570766e-01
0.0950 1.590663e-01
0.1000 1.610296e-01
0.1050 1.629666e-01
0.1100 1.648772e-01
0.1150 1.667613e-01
0.1200 1.686187e-01
0.1250 1.704490e-01
0.1300 1.722518e-01
0.1350 1.740269e-01
0.1400 1.757736e-01
0.1450 1.774916e-01
0.1500 1.791803e-01
0.1550 1.808393e-01
0.1600 1.824682e-01
0.1650 1.840664e-01
0.1700 1.856338e-01
0.1750 1.871700e-01
0.1800 1.886748e-01
0.1850 1.901480e-01
0.1900 1.915895e-01
0.1950 1.929995e-01
0.2000 1.943779e-01
0.2050 1.957249e-01
0.2100 1.970407e-01
0.2150 1.983255e-01
0.2200 1.995798e-01
0.2250 2.008038e-01
0.2300 2.019979e-01
0.2350 2.031626e-01
0.2400 2.042983e-01
0.2450 2.054055e-01
0.2500 2.064847e-01
0.2550 2.075364e-01
0.2600 2.085611e-01
0.2650 2.095592e-01
0.2700 2.105314e-01
0.2750 2.114782e-01
0.2800 2.124001e-01
0.2850 2.132976e-01
0.2900 2.141711e-01
0.2950 2.150213e-01
0.3000 2.158487e-01
0.3050 2.166536e-01
0.3100 2.174366e-01
0.3150 2.181983e-01
0.3200 2.189391e-01
0.3250 2.196594e-01
0.3300 2.203598e-01
0.3350 2.210407e-01
0.3400 2.217025e-01
0.3450 2.223457e-01
0.3500 2.229708e-01
0.3550 2.235782e-01
0.3600 2.241682e-01
0.3650 2.247415e-01
0.3700 2.252982e-01
0.3750 2.258390e-01
0.3800 2.263641e-01
0.3850 2.268739e-01
0.3900 2.273689e-01
0.3950 2.278495e-01
0.4000 2.283159e-01
0.4050 2.287686e-01
0.4100 2.292079e-01
0.4150 2.296343e-01
0.4200 2.300479e-01
0.4250 2.304492e-01
0.4300 2.308385e-01
0.4350 2.312162e-01
0.4400 2.315825e-01
0.4450 2.319377e-01
0.4500 2.322822e-01
0.4550 2.326163e-01
0.4600 2.329402e-01
0.4650 2.332542e-01
0.4700 2.335587e-01
0.4750 2.338539e-01
0.4800 2.341399e-01
0.4850 2.344173e-01
0.4900 2.346860e-01
0.4950 2.349465e-01
0.5000 2.351989e-01
0.5050 2.354435e-01
0.5100 2.356806e-01
0.5150 2.359102e-01
0.5200 2.361328e-01
0.5250 2.363483e-01
0.5300 2.365572e-01
0.5350 2.367595e-01
0.5400 2.369555e-01
0.5450 2.371453e-01
0.5500 2.373291e-01
0.5550 2.375073e-01
0.5600 2.376797e-01
0.5650 2.378468e-01
0.5700 2.380085e-01
0.5750 2.381652e-01
0.5800 2.383169e-01
0.5850 2.384638e-01
0.5900 2.386060e-01
0.5950 2.387437e-01
0.6000 2.388771e-01
0.6050 2.390062e-01
0.6100 2.391312e-01
0.6150 2.392522e-01
0.6200 2.393693e-01
0.6250 2.394827e-01
0.6300 2.395925e-01
0.6350 2.396988e-01
0.6400 2.398017e-01
0.6450 2.399013e-01
0.6500 2.399977e-01
0.6550 2.400910e-01
0.6600 2.401813e-01
0.6650 2.402687e-01
0.6700 2.403533e-01
0.6750 2.404351e-01
0.6800 2.405144e-01
0.6850 2.405911e-01
0.6900 2.406653e-01
0.6950 2.407371e-01
0.7000 2.408066e-01
0.7050 2.408738e-01
0.7100 2.409389e-01
0.7150 2.410019e-01
0.7200 2.410628e-01
0.7250 2.411218e-01
0.7300 2.411789e-01
0.7350 2.412341e-01
0.7400 2.412875e-01
0.7450 2.413392e-01
0.7500 2.413892e-01
0.7550 2.414376e-01
0.7600 2.414844e-01
0.7650 2.415297e-01
0.7700 2.415735e-01
0.7750 2.416159e-01
0.7800 2.416569e-01
0.7850 2.416966e-01
0.7900 2.417350e-01
0.7950 2.417721e-01
0.8000 2.418081e-01
0.8050 2.418428e-01
0.8100 2.418764e-01
0.8150 2.419089e-01
0.8200 2.419404e-01
0.8250 2.419708e-01
0.8300 2.420003e-01
0.8350 2.420287e-01
0.8400 2.420563e-01
0.8450 2.420829e-01
0.8500 2.421087e-01
0.8550 2.421336e-01
0.8600 2.421577e-01
0.8650 2.421810e-01
0.8700 2.422035e-01
0.8750 2.422253e-01
0.8800 2.422464e-01
0.8850 2.422668e-01
0.8900 2.422865e-01
0.8950 2.423056e-01
0.9000 2.423240e-01
0.9050 2.423418e-01
0.9100 2.423591e-01
0.9150 2.423758e-01
0.9200 2.423919e-01
0.9250 2.424075e-01
0.9300 2.424225e-01
0.9350 2.424371e-01
0.9400 2.424512e-01
0.9450 2.424649e-01
0.9500 2.424780e-01
0.9550 2.424908e-01
0.9600 2.425031e-01
0.9650 2.425150e-01
0.9700 2.425265e-01
0.9750 2.425376e-01
0.9800 2.425484e-01
0.9850 2.425588e-01
0.9900 2.425688e-01
0.9950 2.425786e-01
1.0000 2.425880e-01
1.0050 2.425970e-01
1.0100 2.426058e-01
1.0150 2.426143e-01
1.0200 2.426225e-01
1.0250 2.426304e-01
1.0300 2.426381e-01
1.0350 2.426455e-01
1.0400 2.426526e-01
1.0450 2.426595e-01
1.0500 2.426662e-01
1.0550 2.426727e-01
1.0600 2.426789e-01
1.0650 2.426850e-01
1.0700 2.426908e-01
1.0750 2.426964e-01
1.0800 2.427019e-01
1.0850 2.427071e-01
1.0900 2.427122e-01
1.0950 2.427171e-01
1.1000 2.427219e-01
1.1050 2.427264e-01
1.1100 2.427309e-01
1.1150 2.427351e-01
1.1200 2.427393e-01
1.1250 2.427433e-01
1.1300 2.427471e-01
1.1350 2.427508e-01
1.1400 2.427544e-01
1.1450 2.427579e-01
1.1500 2.427612e-01
1.1550 2.427645e-01
1.1600 2.427676e-01
1.1650 2.427706e-01
1.1700 2.427735e-01
1.1750 2.427763e-01
1.1800 2.427791e-01
1.1850 2.427817e-01
1.1900 2.427842e-01
1.1950 2.427867e-01
1.2000 2.427890e-01
1.2050 2.427913e-01
1.2100 2.427935e-01
1.2150 2.427956e-01
1.2200 2.427977e-01
1.2250 2.427996e-01
1.2300 2.428016e-01
1.2350 2.428034e-01
1.2400 2.428052e-01
1.2450 2.428069e-01
1.2500 2.428085e-01
1.2550 2.428101e-01
1.2600 2.428117e-01
1.2650 2.428132e-01
1.2700 2.428146e-01
1.2750 2.428160e-01
1.2800 2.428173e-01
1.2850 2.428186e-01
1.2900 2.428198e-01
1.2950 2.428210e-01
1.3000 2.428222e-01
1.3050 2.428233e-01
1.3100 2.428243e-01
1.3150 2.428254e-01
1.3200 2.428264e-01
1.3250 2.428273e-01
1.3300 2.428283e-01
1.3350 2.428292e-01
1.3400 2.428300e-01
1.3450 2.428308e-01
1.3500 2.428316e-01
1.3550 2.428324e-01
1.3600 2.428331e-01
1.3650 2.428338e-01
1.3700 2.428345e-01
1.3750 2.428352e-01
1.3800 2.428358e-01
1.3850 2.428364e-01
1.3900 2.428370e-01
1.3950 2.428376e-01
1.4000 2.428381e-01
1.4050 2.428387e-01
1.4100 2.428392e-01
1.4150 2.428397e-01
1.4200 2.428401e-01
1.4250 2.428406e-01
1.4300 2.428410e-01
1.4350 2.428414e-01
1.4400 2.428418e-01
1.4450 2.428422e-01
1.4500 2.428426e-01
1.4550 2.428429e-01
1.4600 2.428433e-01
1.4650 2.428436e-01
1.4700 2.428439e-01
1.4750 2.428442e-01
1.4800 2.428445e-01
1.4850 2.428448e-01
1.4900 2.428450e-01
1.4950 2.428453e-01
1.5000 2.428455e-01
1.5050 2.428349e-01
1.5100 2.428354e-01
1.5150 2.428359e-01
1.5200 2.428364e-01
1.5250 2.428368e-01
1.5300 2.428373e-01
1.5350 2.428377e-01
1.5400 2.428381e-01
1.5450 2.428385e-01
1.5500 2.428389e-01
1.5550 2.428393e-01
1.5600 2.428396e-01
1.5650 2.428400e-01
1.5700 2.428403e-01
1.5750 2.428406e-01
1.5800 2.428409e-01
1.5850 2.428412e-01
1.5900 2.428415e-01
1.5950 2.428418e-01
1.6000 2.428421e-01
1.6050 2.428423e-01
1.6100 2.428426e-01
1.6150 2.428428e-01
1.6200 2.428431e-01
1.6250 2.428433e-01
1.6300 2.428435e-01
1.6350 2.428437e-01
1.6400 2.428439e-01
1.6450 2.428441e-01
1.6500 2.428443e-01
1.6550 2.428445e-01
1.6600 2.428447e-01
1.6650 2.428448e-01
1.6700 2.428450e-01
1.6750 2.428452e-01
1.6800 2.428453e-01
1.6850 2.428455e-01
1.6900 2.428456e-01
1.6950 2.428457e-01
1.7000 2.428459e-01
1.7050 2.428460e-01
1.7100 2.428461e-01
1.7150 2.428462e-01
1.7200 2.428463e-01
1.7250 2.428465e-01
1.7300 2.428466e-01
1.7350 2.428467e-01
1.7400 2.428468e-01
1.7450 2.428469e-01
1.7500 2.428469e-01
1.7550 2.428471e-01
1.7600 2.428471e-01
1.7650 2.428472e-01
1.7700 2.428473e-01
1.7750 2.428474e-01
1.7800 2.428474e-01
1.7850 2.428475e-01
1.7900 2.428476e-01
1.7950 2.428476e-01
1.8000 2.428477e-01
1.8050 2.428478e-01
1.8100 2.428478e-01
1.8150 2.428479e-01
1.8200 2.428479e-01
1.8250 2.428480e-01
1.8300 2.428480e-01
1.8350 2.428481e-01
1.8400 2.428481e-01
1.8450 2.428482e-01
1.8500 2.428482e-01
1.8550 2.428483e-01
1.8600 2.428483e-01
1.8650 2.428483e-01
1.8700 2.428484e-01
1.8750 2.428484e-01
1.8800 2.428485e-01
1.8850 2.428485e-01
1.8900 2.428485e-01
1.8950 2.428485e-01
1.9000 2.428486e-01
1.9050 2.428486e-01
1.9100 2.428486e-01
1.9150 2.428486e-01
1.9200 2.428487e-01
1.9250 2.428487e-01
1.9300 2.428487e-01
1.9350 2.428487e-01
1.9400 2.428488e-01
1.9450 2.428488e-01
1.9500 2.428488e-01
1.9550 2.428488e-01
1.9600 2.428488e-01
1.9650 2.428488e-01
1.9700 2.428489e-01
1.9750 2.428489e-01
1.9800 2.428489e-01
1.9850 2.428489e-01
1.9900 2.428489e-01
1.9950 2.428489e-01
2.0000 2.428490e-01
2.0050 2.428490e-01
2.0100 2.428490e-01
2.0150 2.428490e-01
2.0200 2.428490e-01
2.0250 2.428490e-01
2.0300 2.428490e-01
2.0350 2.428490e-01
2.0400 2.428490e-01
2.0450 2.428490e-01
2.0500 2.428490e-01
2.0550 2.428490e-01
2.0600 2.428491e-01
2.0650 2.428491e-01
2.0700 2.428491e-01
2.0750 2.428491e-01
2.0800 2.428491e-01
2.0850 2.428491e-01
2.0900 2.428491e-01
2.0950 2.428491e-01
2.1000 2.428491e-01
2.1050 2.428491e-01
2.1100 2.428491e-01
2.1150 2.428491e-01
2.1200 2.428491e-01
2.1250 2.428491e-01
2.1300 2.428491e-01
2.1350 2.428491e-01
2.1400 2.428491e-01
2.1450 2.428491e-01
2.1500 2.428491e-01
2.1550 2.428491e-01
2.1600 2.428491e-01
2.1650 2.428491e-01
2.1700 2.428491e-01
2.1750 2.428491e-01
2.1800 2.428491e-01
2.1850 2.428491e-01
2.1900 2.428491e-01
2.1950 2.428491e-01
2.2000 2.428491e-01
2.2050 2.428491e-01
2.2100 2.428491e-01
2.2150 2.428491e-01
2.2200 2.428491e-01
2.2250 2.428491e-01
2.2300 2.428491e-01
2.2350 2.428491e-01
2.2400 2.428491e-01
2.2450 2.428491e-01
2.2500 2.428491e-01
2.2550 2.428491e-01
2.2600 2.428491e-01
2.2650 2.428491e-01
2.2700 2.428491e-01
2.2750 2.428491e-01
2.2800 2.428491e-01
2.2850 2.428491e-01
2.2900 2.428491e-01
2.2950 2.428491e-01
2.3000 2.428491e-01
2.3050 2.428491e-01
2.3100 2.428491e-01
2.3150 2.428491e-01
2.3200 2.428491e-01
2.3250 2.428491e-01
2.3300 2.428491e-01
2.3350 2.428491e-01
2.3400 2.428491e-01
2.3450 2.428491e-01
2.3500 2.428491e-01
2.3550 2.428491e-01
2.3600 2.428491e-01
2.3650 2.428491e-01
2.3700 2.428491e-01
2.3750 2.428491e-01
2.3800 2.428491e-01
2.3850 2.428491e-01
2.3900 2.428491e-01
2.3950 2.428491e-01
2.4000 2.428491e-01
2.4050 2.428491e-01
2.4100 2.428491e-01
2.4150 2.428491e-01
2.4200 2.428491e-01
2.4250 2.428491e-01
2.4300 2.428491e-01
2.4350 2.428491e-01
2.4400 2.428491e-01
2.4450 2.428491e-01
2.4500 2.428491e-01
2.4550 2.428491e-01
2.4600 2.428491e-01
2.4650 2.428491e-01
2.4700 2.428491e-01
2.4750 2.428491e-01
2.4800 2.428491e-01
2.4850 2.428491e-01
2.4900 2.428491e-01
2.4950 2.428491e-01
2.5000 2.428491e-01
2.5050 2.428491e-01
2.5100 2.428491e-01
2.5150 2.428491e-01
2.5200 2.428491e-01
2.5250 2.428491e-01
2.5300 2.428491e-01
2.5350 2.428491e-01
2.5400 2.428491e-01
2.5450 2.428491e-01
2.5500 2.428491e-01
2.5550 2.428491e-01
2.5600 2.428491e-01
2.5650 2.428491e-01
2.5700 2.428491e-01
2.5750 2.428491e-01
2.5800 2.428491e-01
2.5850 2.428491e-01
2.5900 2.428491e-01
2.5950 2.428491e-01
2.6000 2.428491e-01
2.6050 2.428491e-01
2.6100 2.428491e-01
2.6150 2.428491e-01
2.6200 2.428491e-01
2.6250 2.428491e-01
2.6300 2.428491e-01
2.6350 2.428491e-01
2.6400 2.428491e-01
2.6450 2.428491e-01
2.6500 2.428491e-01
2.6550 2.428491e-01
2.6600 2.428491e-01
2.6650 2.428491e-01
2.6700 2.428491e-01
2.6750 2.428491e-01
2.6800 2.428491e-01
2.6850 2.428491e-01
2.6900 2.428491e-01
2.6950 2.428491e-01
2.7000 2.428491e-01
2.7050 2.428491e-01
2.7100 2.428491e-01
2.7150 2.428491e-01
2.7200 2.428491e-01
2.7250 2.428491e-01
2.7300 2.428491e-01
2.7350 2.428491e-01
2.7400 2.428491e-01
2.7450 2.428491e-01
2.7500 2.428491e-01
2.7550 2.428491e-01
2.7600 2.428491e-01
2.7650 2.428491e-01
2.7700 2.428490e-01
2.7750 2.428490e-01
2.7800 2.428490e-01
2.7850 2.428490e-01
2.7900 2.428490e-01
2.7950 2.428490e-01
2.8000 2.428490e-01
2.8050 2.428490e-01
2.8100 2.428490e-01
2.8150 2.428490e-01
2.8200 2.428490e-01
2.8250 2.428490e-01
2.8300 2.428490e-01
2.8350 2.428490e-01
2.8400 2.428490e-01
2.8450 2.428490e-01
2.8500 2.428490e-01
2.8550 2.428490e-01
2.8600 2.428490e-01
2.8650 2.428490e-01
2.8700 2.428490e-01
2.8750 2.428490e-01
2.8800 2.428490e-01
2.8850 2.428490e-01
2.8900 2.428490e-01
2.8950 2.428490e-01
2.9000 2.428490e-01
2.9050 2.428490e-01
2.9100 2.428490e-01
2.9150 2.428490e-01
2.9200 2.428490e-01
2.9250 2.428490e-01
2.9300 2.428490e-01
2.9350 2.428490e-01
2.9400 2.428490e-01
2.9450 2.428490e-01
2.9500 2.428490e-01
2.9550 2.428490e-01
2.9600 2.428490e-01
2.9650 2.428490e-01
2.9700 2.428490e-01
2.9750 2.428490e-01
2.9800 2.428490e-01
2.9850 2.428490e-01
2.9900 2.428490e-01
2.9950 2.428490e-01
3.0000 2.428490e-01
3.0050 2.428490e-01
3.0100 2.428490e-01
3.0150 2.428490e-01
3.0200 2.428490e-01
3.0250 2.428490e-01
3.0300 2.428490e-01
3.0350 2.428490e-01
3.0400 2.428490e-01
3.0450 2.428490e-01
3.0500 2.428490e-01
3.0550 2.428490e-01
3.0600 2.428490e-01
3.0650 2.428490e-01
3.0700 2.428490e-01
3.0750 2.428490e-01
3.0800 2.428490e-01
3.0850 2.428490e-01
3.0900 2.428490e-01
3.0950 2.428490e-01
3.1000 2.428489e-01
3.1050 2.428489e-01
3.1100 2.428489e-01
3.1150 2.428489e-01
3.1200 2.428489e-01
3.1250 2.428489e-01
3.1300 2.428489e-01
3.1350 2.428489e-01
3.1400 2.428488e-01
3.1450 2.428488e-01
3.1500 2.428488e-01
3.1550 2.428488e-01
3.1600 2.428488e-01
3.1650 2.428488e-01
3.1700 2.428488e-01
3.1750 2.428488e-01
3.1800 2.428488e-01
3.1850 2.428488e-01
3.1900 2.428487e-01
3.1950 2.428487e-01
3.2000 2.428487e-01
3.2050 2.428487e-01
3.2100 2.428487e-01
3.2150 2.428487e-01
3.2200 2.428487e-01
3.2250 2.428487e-01
3.2300 2.428487e-01
3.2350 2.428486e-01
3.2400 2.428486e-01
3.2450 2.428486e-01
3.2500 2.428486e-01
3.2550 2.428486e-01
3.2600 2.428486e-01
3.2650 2.428486e-01
3.2700 2.428486e-01
3.2750 2.428486e-01
3.2800 2.428486e-01
3.2850 2.428485e-01
3.2900 2.428485e-01
3.2950 2.428485e-01
3.3000 2.428485e-01
3.3050 2.428485e-01
3.3100 2.428485e-01
3.3150 2.428485e-01
3.3200 2.428485e-01
3.3250 2.428485e-01
3.3300 2.428485e-01
3.3350 2.428484e-01
3.3400 2.428484e-01
3.3450 2.428484e-01
3.3500 2.428484e-01
3.3550 2.428484e-01
3.3600 2.428484e-01
3.3650 2.428483e-01
3.3700 2.428483e-01
3.3750 2.428483e-01
3.3800 2.428483e-01
3.3850 2.428483e-01
3.3900 2.428483e-01
3.3950 2.428483e-01
3.4000 2.428482e-01
3.4050 2.428482e-01
3.4100 2.428482e-01
3.4150 2.428482e-01
3.4200 2.428482e-01
3.4250 2.428481e-01
3.4300 2.428481e-01
3.4350 2.428481e-01
3.4400 2.428481e-01
3.4450 2.428480e-01
3.4500 2.428480e-01
3.4550 2.428480e-01
3.4600 2.428480e-01
3.4650 2.428479e-01
3.4700 2.428479e-01
3.4750 2.428478e-01
3.4800 2.428478e-01
3.4850 2.428477e-01
3.4900 2.428477e-01
3.4950 2.428476e-01
3.5000 2.428476e-01
3.5050 2.428515e-01
3.5100 2.428515e-01
3.5150 2.428516e-01
3.5200 2.428516e-01
3.5250 2.428516e-01
3.5300 2.428516e-01
3.5350 2.428517e-01
3.5400 2.428517e-01
3.5450 2.428517e-01
3.5500 2.428518e-01
3.5550 2.428518e-01
3.5600 2.428518e-01
3.5650 2.428518e-01
3.5700 2.428518e-01
3.5750 2.428519e-01
3.5800 2.428519e-01
3.5850 2.428519e-01
3.5900 2.428519e-01
3.5950 2.428519e-01
3.6000 2.428519e-01
3.6050 2.428519e-01
3.6100 2.428519e-01
3.6150 2.428519e-01
3.6200 2.428519e-01
3.6250 2.428519e-01
3.6300 2.428519e-01
3.6350 2.428518e-01
3.6400 2.428518e-01
3.6450 2.428518e-01
3.6500 2.428518e-01
3.6550 2.428517e-01
3.6600 2.428517e-01
3.6650 2.428517e-01
3.6700 2.428516e-01
3.6750 2.428516e-01
3.6800 2.428515e-01
3.6850 2.428515e-01
3.6900 2.428514e-01
3.6950 2.428513e-01
3.7000 2.428513e-01
3.7050 2.428512e-01
3.7100 2.428511e-01
3.7150 2.428510e-01
3.7200 2.428509e-01
3.7250 2.428509e-01
3.7300 2.428508e-01
3.7350 2.428507e-01
3.7400 2.428506e-01
3.7450 2.428504e-01
3.7500 2.428503e-01
3.7550 2.428502e-01
3.7600 2.428501e-01
3.7650 2.428499e-01
3.7700 2.428498e-01
3.7750 2.428496e-01
3.7800 2.428494e-01
3.7850 2.428493e-01
3.7900 2.428491e-01
3.7950 2.428489e-01
3.8000 2.428487e-01
3.8050 2.428485e-01
3.8100 2.428483e-01
3.8150 2.428481e-01
3.8200 2.428479e-01
3.8250 2.428477e-01
3.8300 2.428474e-01
3.8350 2.428471e-01
3.8400 2.428469e-01
3.8450 2.428466e-01
3.8500 2.428463e-01
3.8550 2.428460e-01
3.8600 2.428457e-01
3.8650 2.428454e-01
3.8700 2.428450e-01
3.8750 2.428447e-01
3.8800 2.428443e-01
3.8850 2.428439e-01
3.8900 2.428435e-01
3.8950 2.428431e-01
3.9000 2.428427e-01
3.9050 2.428423e-01
3.9100 2.428418e-01
3.9150 2.428413e-01
3.9200 2.428408e-01
3.9250 2.428403e-01
3.9300 2.428398e-01
3.9350 2.428392e-01
3.9400 2.428386e-01
3.9450 2.428380e-01
3.9500 2.428374e-01
3.9550 2.428367e-01
3.9600 2.428361e-01
3.9650 2.428354e-01
3.9700 2.428346e-01
3.9750 2.428339e-01
3.9800 2.428331e-01
3.9850 2.428323e-01
3.9900 2.428314e-01
3.9950 2.428306e-01
4.0000 2.428297e-01
4.0050 2.428287e-01
4.0100 2.428277e-01
4.0150 2.428267e-01
4.0200 2.428257e-01
4.0250 2.428245e-01
4.0300 2.428234e-01
4.0350 2.428222e-01
4.0400 2.428210e-01
4.0450 2.428197e-01
4.0500 2.428184e-01
4.0550 2.428170e-01
4.0600 2.428156e-01
4.0650 2.428142e-01
4.0700 2.428126e-01
4.0750 2.428111e-01
4.0800 2.428094e-01
4.0850 2.428077e-01
4.0900 2.428060e-01
4.0950 2.428041e-01
4.1000 2.428022e-01
4.1050 2.428003e-01
4.1100 2.427982e-01
4.1150 2.427961e-01
4.1200 2.427939e-01
4.1250 2.427917e-01
4.1300 2.427893e-01
4.1350 2.427869e-01
4.1400 2.427843e-01
4.1450 2.427817e-01
4.1500 2.427790e-01
4.1550 2.427762e-01
4.1600 2.427733e-01
4.1650 2.427703e-01
4.1700 2.427671e-01
4.1750 2.427639e-01
4.1800 2.427606e-01
4.1850 2.427571e-01
4.1900 2.427535e-01
4.1950 2.427497e-01
4.2000 2.427459e-01
4.2050 2.427419e-01
4.2100 2.427378e-01
4.2150 2.427335e-01
4.2200 2.427290e-01
4.2250 2.427244e-01
4.2300 2.427197e-01
4.2350 2.427147e-01
4.2400 2.427096e-01
4.2450 2.427043e-01
4.2500 2.426989e-01
4.2550 2.426932e-01
4.2600 2.426873e-01
4.2650 2.426812e-01
4.2700 2.426750e-01
4.2750 2.426685e-01
4.2800 2.426617e-01
4.2850 2.426547e-01
4.2900 2.426475e-01
4.2950 2.426401e-01
4.3000 2.426323e-01
4.3050 2.426243e-01
4.3100 2.426160e-01
4.3150 2.426075e-01
4.3200 2.425986e-01
4.3250 2.425894e-01
4.3300 2.425799e-01
4.3350 2.425701e-01
4.3400 2.425599e-01
4.3450 2.425494e-01
4.3500 2.425385e-01
4.3550 2.425273e-01
4.3600 2.425156e-01
4.3650 2.425035e-01
4.3700 2.424911e-01
4.3750 2.424782e-01
4.3800 2.424648e-01
4.3850 2.424510e-01
4.3900 2.424367e-01
4.3950 2.424219e-01
4.4000 2.424066e-01
4.4050 2.423909e-01
4.4100 2.423745e-01
4.4150 2.423576e-01
4.4200 2.423401e-01
4.4250 2.423220e-01
4.4300 2.423033e-01
4.4350 2.422839e-01
4.4400 2.422639e-01
4.4450 2.422432e-01
4.4500 2.422218e-01
4.4550 2.421997e-01
4.4600 2.421767e-01
4.4650 2.421531e-01
4.4700 2.421286e-01
4.4750 2.421033e-01
4.4800 2.420771e-01
4.4850 2.420500e-01
4.4900 2.420221e-01
4.4950 2.419931e-01
4.5000 2.419632e-01
4.5050 2.419323e-01
4.5100 2.419003e-01
4.5150 2.418672e-01
4.5200 2.418331e-01
4.5250 2.417977e-01
4.5300 2.417612e-01
4.5350 2.417234e-01
4.5400 2.416844e-01
4.5450 2.416440e-01
4.5500 2.416023e-01
4.5550 2.415592e-01
4.5600 2.415146e-01
4.5650 2.414686e-01
4.5700 2.414209e-01
4.5750 2.413717e-01
4.5800 2.413209e-01
4.5850 2.412683e-01
4.5900 2.412140e-01
4.5950 2.411578e-01
4.6000 2.410998e-01
4.6050 2.410398e-01
4.6100 2.409778e-01
4.6150 2.409138e-01
4.6200 2.408476e-01
4.6250 2.407792e-01
4.6300 2.407085e-01
4.6350 2.406355e-01
4.6400 2.405601e-01
4.6450 2.404821e-01
4.6500 2.404016e-01
4.6550 2.403184e-01
4.6600 2.402324e-01
4.6650 2.401436e-01
4.6700 2.400519e-01
4.6750 2.399571e-01
4.6800 2.398592e-01
4.6850 2.397581e-01
4.6900 2.396537e-01
4.6950 2.395458e-01
4.7000 2.394344e-01
4.7050 2.393193e-01
4.7100 2.392005e-01
4.7150 2.390778e-01
4.7200 2.389510e-01
4.7250 2.388202e-01
4.7300 2.386851e-01
4.7350 2.385455e-01
4.7400 2.384015e-01
4.7450 2.382528e-01
4.7500 2.380992e-01
4.7550 2.379407e-01
4.7600 2.377771e-01
4.7650 2.376083e-01
4.7700 2.374339e-01
4.7750 2.372541e-01
4.7800 2.370684e-01
4.7850 2.368768e-01
4.7900 2.366791e-01
4.7950 2.364751e-01
4.8000 2.362646e-01
4.8050 2.360475e-01
4.8100 2.358235e-01
4.8150 2.355924e-01
4.8200 2.353541e-01
4.8250 2.351083e-01
4.8300 2.348547e-01
4.8350 2.345933e-01
4.8400 2.343237e-01
4.8450 2.340458e-01
4.8500 2.337592e-01
4.8550 2.334638e-01
4.8600 2.331593e-01
4.8650 2.328455e-01
4.8700 2.325221e-01
4.8750 2.321888e-01
4.8800 2.318454e-01
4.8850 2.314916e-01
4.8900 2.311272e-01
4.8950 2.307517e-01
4.9000 2.303650e-01
4.9050 2.299668e-01
4.9100 2.295568e-01
4.9150 2.291345e-01
4.9200 2.286999e-01
4.9250 2.282524e-01
4.9300 2.277919e-01
4.9350 2.273179e-01
4.9400 2.268302e-01
4.9450 2.263283e-01
4.9500 2.258120e-01
4.9550 2.252808e-01
4.9600 2.247344e-01
4.9650 2.241725e-01
4.9700 2.235946e-01
4.9750 2.230003e-01
4.9800 2.223893e-01
4.9850 2.217612e-01
4.9900 2.211154e-01
4.9950 2.204516e-01
5.0000 2.197693e-01
5.0050 2.190680e-01
5.0100 2.183472e-01
5.0150 2.176065e-01
5.0200 2.168454e-01
5.0250 2.160632e-01
5.0300 2.152594e-01
5.0350 2.144335e-01
5.0400 2.135848e-01
5.0450 2.127126e-01
5.0500 2.118163e-01
5.0550 2.108952e-01
5.0600 2.099486e-01
5.0650 2.089755e-01
5.0700 2.079753e-01
5.0750 2.069470e-01
5.0800 2.058897e-01
5.0850 2.048025e-01
5.0900 2.036842e-01
5.0950 2.025339e-01
5.1000 2.013504e-01
5.1050 2.001325e-01
5.1100 1.988790e-01
5.1150 1.975885e-01
5.1200 1.962597e-01
5.1250 1.948913e-01
5.1300 1.934818e-01
5.1350 1.920297e-01
5.1400 1.905336e-01
5.1450 1.889919e-01
5.1500 1.874032e-01
5.1550 1.857659e-01
5.1600 1.840788e-01
5.1650 1.823403e-01
5.1700 1.805493e-01
5.1750 1.787045e-01
5.1800 1.768051e-01
5.1850 1.748501e-01
5.1900 1.728389e-01
5.1950 1.707712e-01
5.2000 1.686467e-01
5.2050 1.664658e-01
5.2100 1.642286e-01
5.2150 1.619363e-01
5.2200 1.595898e-01
5.2250 1.571906e-01
5.2300 1.547407e-01
5.2350 1.522422e-01
5.2400 1.496978e-01
5.2450 1.471104e-01
5.2500 1.444832e-01
5.2550 1.418198e-01
5.2600 1.391241e-01
5.2650 1.364002e-01
5.2700 1.336523e-01
5.2750 1.308849e-01
5.2800 1.281026e-01
5.2850 1.253101e-01
5.2900 1.225119e-01
5.2950 1.197128e-01
5.3000 1.169174e-01
5.3050 1.141303e-01
5.3100 1.113558e-01
5.3150 1.085981e-01
5.3200 1.058613e-01
5.3250 1.031493e-01
5.3300 1.004655e-01
5.3350 9.781345e-02
5.3400 9.519616e-02
5.3450 9.261637e-02
5.3500 9.007672e-02
5.3550 8.757941e-02
5.3600 8.512648e-02
5.3650 8.271965e-02
5.3700 8.036041e-02
5.3750 7.804999e-02
5.3800 7.578941e-02
5.3850 7.357944e-02
5.3900 7.142066e-02
5.3950 6.931344e-02
5.4000 6.725804e-02
5.4050 6.525444e-02
5.4100 6.330255e-02
5.4150 6.140212e-02
5.4200 5.955283e-02
5.4250 5.775410e-02
5.4300 5.600549e-02
5.4350 5.430619e-02
5.4400 5.265558e-02
5.4450 5.105279e-02
5.4500 4.949701e-02
5.4550 4.798726e-02
5.4600 4.652270e-02
5.4650 4.510224e-02
5.4700 4.372497e-02
5.4750 4.238981e-02
5.4800 4.109578e-02
5.4850 3.984179e-02
5.4900 3.862684e-02
5.4950 3.744983e-02
5.5000 3.630978e-02
5.5050 3.520560e-02
5.5100 3.413632e-02
5.5150 3.310087e-02
5.5200 3.209830e-02
5.5250 3.112759e-02
5.5300 3.018781e-02
5.5350 2.927796e-02
5.5400 2.839717e-02
5.5450 2.754448e-02
5.5500 2.671905e-02
5.5550 2.591997e-02
5.5600 2.514643e-02
5.5650 2.439757e-02
5.5700 2.367263e-02
5.5750 2.297079e-02
5.5800 2.229133e-02
5.5850 2.163349e-02
5.5900 2.099658e-02
5.5950 2.037988e-02
5.6000 1.978274e-02
5.6050 1.920450e-02
5.6100 1.864454e-02
5.6150 1.810223e-02
5.6200 1.757701e-02
5.6250 1.706829e-02
5.6300 1.657553e-02
5.6350 1.609818e-02
5.6400 1.563574e-02
5.6450 1.518770e-02
5.6500 1.475360e-02
5.6550 1.433293e-02
5.6600 1.392529e-02
5.6650 1.353022e-02
5.6700 1.314731e-02
5.6750 1.277614e-02
5.6800 1.241634e-02
5.6850 1.206752e-02
5.6900 1.172933e-02
5.6950 1.140139e-02
5.7000 1.108339e-02
5.7050 1.077499e-02
5.7100 1.047588e-02
5.7150 1.018574e-02
5.7200 9.904301e-03
5.7250 9.631259e-03
5.7300 9.366348e-03
5.7350 9.109299e-03
5.7400 8.859861e-03
5.7450 8.617789e-03
5.7500 8.382842e-03
5.7550 8.154788e-03
5.7600 7.933411e-03
5.7650 7.718497e-03
5.7700 7.509839e-03
5.7750 7.307227e-03
5.7800 7.110486e-03
5.7850 6.919422e-03
5.7900 6.733861e-03
5.7950 6.553620e-03
5.8000 6.378541e-03
5.8050 6.208456e-03
5.8100 6.043211e-03
5.8150 5.882658e-03
5.8200 5.726650e-03
5.8250 5.575045e-03
5.8300 5.427706e-03
5.8350 5.284504e-03
5.8400 5.145313e-03
5.8450 5.010007e-03
5.8500 4.878474e-03
5.8550 4.750592e-03
5.8600 4.626256e-03
5.8650 4.505352e-03
5.8700 4.387782e-03
5.8750 4.273442e-03
5.8800 4.162239e-03
5.8850 4.054076e-03
5.8900 3.948866e-03
5.8950 3.846518e-03
5.9000 3.746949e-03
5.9050 3.650076e-03
5.9100 3.555820e-03
5.9150 3.464102e-03
5.9200 3.374851e-03
5.9250 3.287991e-03
5.9300 3.203456e-03
5.9350 3.121174e-03
5.9400 3.041083e-03
5.9450 2.963118e-03
5.9500 2.887219e-03
5.9550 2.813323e-03
5.9600 2.741377e-03
5.9650 2.671322e-03
5.9700 2.603105e-03
5.9750 2.536673e-03
5.9800 2.471975e-03
5.9850 2.408962e-03
5.9900 2.347586e-03
5.9950 2.287801e-03
6.0000 2.229562e-03
6.0050 2.172824e-03
6.0100 2.117547e-03
6.0150 2.063688e-03
6.0200 2.011208e-03
6.0250 1.960068e-03
6.0300 1.910231e-03
6.0350 1.861660e-03
6.0400 1.814320e-03
6.0450 1.768176e-03
6.0500 1.723197e-03
6.0550 1.679347e-03
6.0600 1.636598e-03
6.0650 1.594917e-03
6.0700 1.554276e-03
6.0750 1.514646e-03
6.0800 1.475998e-03
6.0850 1.438306e-03
6.0900 1.401543e-03
6.0950 1.365684e-03
6.1000 1.330703e-03
6.1050 1.296576e-03
6.1100 1.263281e-03
6.1150 1.230794e-03
6.1200 1.199092e-03
6.1250 1.168154e-03
6.1300 1.137959e-03
6.1350 1.108486e-03
6.1400 1.079715e-03
6.1450 1.051628e-03
6.1500 1.024205e-03
6.1550 9.974276e-04
6.1600 9.712782e-04
6.1650 9.457386e-04
6.1700 9.207932e-04
6.1750 8.964241e-04
6.1800 8.726158e-04
6.1850 8.493527e-04
6.1900 8.266199e-04
6.1950 8.044011e-04
6.2000 7.826834e-04
6.2050 7.614518e-04
6.2100 7.406927e-04
6.2150 7.203921e-04
6.2200 7.005377e-04
6.2250 6.811163e-04
6.2300 6.621154e-04
6.2350 6.435224e-04
6.2400 6.253265e-04
6.2450 6.075144e-04
6.2500 5.900768e-04
6.2550 5.730005e-04
6.2600 5.562764e-04
6.2650 5.398926e-04
6.2700 5.238400e-04
6.2750 5.081072e-04
6.2800 4.926851e-04
6.2850 4.775635e-04
6.2900 4.627337e-04
6.2950 4.481855e-04
6.3000 4.339105e-04
6.3050 4.198993e-04
6.3100 4.061437e-04
6.3150 3.926346e-04
6.3200 3.793641e-04
6.3250 3.663236e-04
6.3300 3.535055e-04
6.3350 3.409012e-04
6.3400 3.285037e-04
6.3450 3.163048e-04
6.3500 3.042975e-04
6.3550 2.924738e-04
6.3600 2.808271e-04
6.3650 2.693497e-04
6.3700 2.580352e-04
6.3750 2.468761e-04
6.3800 2.358661e-04
6.3850 2.249981e-04
6.3900 2.142659e-04
6.3950 2.036625e-04
6.4000 1.931819e-04
6.4050 1.828175e-04
6.4100 1.725632e-04
6.4150 1.624126e-04
6.4200 1.523598e-04
6.4250 1.423986e-04
6.4300 1.325231e-04
6.4350 1.227271e-04
6.4400 1.130049e-04
6.4450 1.033506e-04
6.4500 9.375854e-05
6.4550 8.422276e-05
6.4600 7.473763e-05
6.4650 6.529744e-05
6.4700 5.589657e-05
6.4750 4.652921e-05
6.4800 3.718989e-05
6.4850 2.787286e-05
6.4900 1.857264e-05
6.4950 9.282668e-06
6.5000 3.165599e-16
